x1_train <- 
c(1.59942166460678, 1.15688487747684, 0.641049442347139, 1.16177172819152,
1.00718473410234, 0.259168732911348, 1.20562500180677, 0.845003598369658, 1.32788399094716,
1.70790681568906, 1.50543581787497, 1.08281973795965, 1.10520818177611, 0.211795943789184,
1.12616217462346, 0.10287171555683, 0.245988144539297, 1.15281311748549, 1.46199926268309,
0.0674156118184328, 0.561726930551231, 0.67167690070346, 1.18271927535534, 0.41277925344184,
0.812752387020737, 0.896968201734126, 0.952134011313319, 0.668933114502579, 0.769076677970588,
0.957264651544392, 0.240317075047642, 1.2013766458258, 0.444180302321911, 1.62243866641074,
1.16468126792461, 1.39372026408091, 0.351436160504818, 0.0731277009472251, 1.0372369075194,
1.61830248171464, 0.927001738920808, 0.756041967775673, 0.593517225701362, 1.13502774387598,
1.63950004940853, 0.785561625380069, 0.728052509948611, 0.467342360410839, 0.0598973883315921,
1.7083882233128, 0.668849057517946, 1.25211420468986, 0.574418460950255, 1.7591810291633,
0.327760966029018, 1.6322096879594, 1.37702609878033, 1.85252633877099, 0.168312191963196,
1.52797062275931, 1.19541819998994, 1.36150551773608, 1.73314502462745, 1.28405578387901,
1.52225383091718, 0.694250738248229, 1.78634161921218, 1.53164549497887, 1.39591513434425,
1.77880898863077, 1.68184697860852, 0.0835348204709589, 0.945085453335196, 1.62828318914399,
0.176118136383593, 1.1702477755025, 1.52915511652827, 0.903849077876657, 0.343851460143924,
1.45806391304359, 0.175276197958738, 0.0281678037717938, 1.11550439009443, 0.372153768781573,
1.27350436197594, 1.09554204437882, 0.551517587155104, 1.22628990327939, 0.755516984499991,
1.15783175127581, 1.02145130606368, 0.115347795188427, 0.0917861862108111, 0.538594427052885,
0.769589419942349, 0.94402454001829, 1.49939638702199, 1.95041205827147, 1.79337674332783,
0.0627820119261742, 0.681105274707079, 0.180760603863746, 0.977233321871608, 1.08894115267321,
0.869021167047322, 0.108524010051042, 0.192616365849972, 1.52225371869281, 1.84643469331786,
1.02252210117877, 0.916669114958495, 0.523493443615735, 1.74278514133766, 0.218638007063419,
1.20264252508059, 1.53664477402344, 0.426456905435771, 0.61630489770323, 1.60975286830217,
1.93809273233637, 1.00862458767369, 0.0607883054763079, 1.91708421288058, 0.146055816207081,
0.324025384150445, 1.95821147179231, 1.60256393300369, 1.54037273861468, 1.3408537665382,
0.293619906529784, 1.6132034715265, 0.0999677674844861, 1.77505140425637, 0.181109312921762,
0.311635568272322, 1.84043179173023, 1.20906723709777, 1.75653237244114, 0.1722441916354,
1.5871355314739, 1.22717843903229, 1.07391953328624, 1.41077612992376, 0.145596446935087,
1.68919269321486, 0.882105789147317, 1.05042509967461, 1.14031733619049, 1.45280556147918,
1.32171999383718, 1.79546243557706, 1.43642558762804, 1.44167963042855, 1.86349454103038,
0.371078786440194, 0.582758459728211, 1.40563210006803, 1.08048330247402, 0.893466127570719,
0.0400236174464226, 0.190527840983123, 1.98141336534172, 1.77961334073916, 0.888621090911329,
1.62680359557271, 0.999461233615875, 1.39242854714394, 0.143705917987972, 0.400624226778746,
1.28151030186564, 0.307160736992955, 0.05946189397946, 1.33130202302709, 0.997881450224668,
0.838922400027514, 1.39266146346927, 0.657537168357521, 1.16241825278848, 0.00599552458152175,
1.60061899898574, 0.227737273555249, 1.76404275465757, 0.165482823271304, 1.54676035279408,
1.41480059362948, 0.635657025966793, 1.96124314516783, 0.618415313307196, 0.998543930239975,
1.62439425848424, 1.03137989621609, 1.49985042959452, 1.20552229089662, 1.28921815939248,
0.582250876352191, 0.431528033223003, 0.520618907641619, 1.06304561952129, 1.07562804687768,
0.509761335793883, 0.416000850498676, 1.43824829906225, 0.630886575672776, 0.76230194279924,
1.67389248125255, 0.620124107226729, 0.1632439494133, 1.91470970306545, 1.5169919244945,
0.818033975549042, 0.391386864241213, 0.200349177233875, 1.51636530924588, 1.29387635691091,
0.430251147598028, 0.67388248257339, 1.48508816864341, 1.08596296235919, 1.57743541290984,
0.0592674594372511, 1.84720576740801, 0.863196476362646, 0.914458224084228, 0.505221583880484,
0.849640204105526, 1.78287477605045, 1.35993963386863, 0.910523540806025, 1.47219027718529,
1.46483707847074, 0.0464459573850036, 0.169590192846954, 1.26919979136437, 0.758405344560742,
1.1773868277669, 1.95702139521018, 0.615755600854754, 0.487354825250804, 0.719796372111887,
1.14559683296829, 0.23443199088797, 0.51087356870994, 1.6689085685648, 0.152994683943689,
1.35939872590825, 0.811109975446016, 1.38741831108928, 0.522088929545134, 0.0485061132349074,
0.230922676157206, 1.17123244889081, 0.532457029912621, 1.45704642543569, 1.78619153192267,
0.187417917419225, 0.408078333362937, 1.59477647906169, 0.759196142200381, 1.52640446741134,
0.922612532041967, 0.682862281799316, 0.801857651676983, 0.349297859705985, 0.376412709243596,
0.256555692758411, 1.86042239889503, 0.538535784929991, 0.179962434340268, 0.191427152138203,
1.08935903105885, 1.53996358532459, 0.669120549689978, 1.53653312381357, 1.37805841909721,
1.29860751703382, 1.88283668505028, 1.80644102999941, 1.41219156049192, 0.304830763023347,
0.486381159629673, 0.376138203777373, 1.00387252494693, 1.3601388335228, 1.38313259324059,
0.756176378577948, 0.985801773145795, 1.46908611431718, 0.159164246637374, 0.357392229139805,
0.736403016373515, 1.89101723674685, 1.04203429957852, 0.147329295985401, 0.349588131532073,
1.97180604701862, 1.63198125222698, 0.283955354243517, 1.27481661550701, 1.7398242414929,
0.824661209248006, 1.40549145033583, 0.292431673035026, 0.787510093301535, 0.692664777394384,
0.292521745432168, 1.92566786706448, 0.347781915683299, 0.697480042465031, 0.294175207149237,
0.412012862507254, 1.21672703884542, 0.873918263241649, 0.955935931764543, 0.949330904055387,
0.0383830503560603, 0.127893302123994, 1.14377247262746, 0.0531538156792521, 0.60297253774479,
1.06480517145246, 0.594215113669634, 1.86394922807813, 0.176086183171719, 0.314925562124699,
0.827534473035485, 0.15737053565681, 0.12626983365044, 1.0894468696788, 0.592456875834614,
1.80162241356447, 0.635469512082636, 0.21102368272841, 1.19378550816327, 1.1641329289414,
1.69547388749197, 1.14035733416677, 1.79456181218848, 1.38006436033174, 1.83066902169958,
1.61947279889137, 1.85602298332378, 1.39541708678007, 0.981850063428283, 0.312883468810469,
1.68227618560195, 1.31423149351031, 1.68606099393219, 1.86789439199492, 1.85332440817729,
1.56810128828511, 0.7902523544617, 1.71295671118423, 1.34589183842763, 0.373490213882178,
1.76159585826099, 0.128871418070048, 0.961491405032575, 0.496299504768103, 0.0216537481173873,
1.24851451534778, 0.138533602934331, 0.447305934038013, 1.64801841415465, 0.962879775092006,
0.672909037675709, 1.63879005564377, 0.895480242092162, 0.957299830392003, 0.153206322807819,
1.6231965017505, 0.966500214766711, 0.555697509553283, 1.94478946831077, 1.49206338496879,
0.865665648598224, 1.7439947463572, 0.154654940590262, 1.67708418658003, 0.881897977087647,
0.852655265945941, 1.6275280197151, 1.54720699880272, 0.857622445560992, 1.83440132765099,
0.468466015998274, 0.847649503033608, 0.381205241195858, 1.63378829648718, 1.31500672968104,
0.994262150954455, 0.320491733960807, 1.24405132466927, 0.946453745476902, 1.51624971581623,
0.11142531177029, 0.227865000255406, 0.441292101051658, 0.310958265326917, 0.807808107696474,
0.879252194426954)
